   2.84552720E-04   1.97221152E-06
   3.49764887E-04   3.94442304E-06
   3.98674019E-04   7.88884608E-06
   4.14977054E-04   1.97221152E-06
   4.31280117E-04   7.88884608E-06
   4.47583152E-04   9.86105806E-06
   4.63886186E-04   1.18332691E-05
   4.80189221E-04   2.95831724E-05
   4.96492255E-04   2.16943263E-05
   5.12795290E-04   4.53608664E-05
   5.29098324E-04   5.71941346E-05
   5.45401359E-04   7.69162507E-05
   5.61704393E-04   1.06499421E-04
   5.78007486E-04   1.24249331E-04
   5.94310521E-04   1.53832501E-04
   6.10613555E-04   1.97221161E-04
   6.26916648E-04   2.12998842E-04
   6.43219682E-04   3.03720590E-04
   6.59522717E-04   3.98386735E-04
   6.75825751E-04   5.12774976E-04
   6.92128786E-04   5.62080299E-04
   7.08431820E-04   6.72524155E-04
   7.24734855E-04   8.73689714E-04
   7.41037889E-04   9.99911223E-04
   7.57340924E-04   1.19713240E-03
   7.73643958E-04   1.46338099E-03
   7.89946993E-04   1.74935162E-03
   8.06250027E-04   2.02743337E-03
   8.22553062E-04   2.42187572E-03
   8.38856096E-04   2.83406791E-03
   8.55159131E-04   3.33895418E-03
   8.71462282E-04   3.90695129E-03
   8.87765316E-04   4.30533802E-03
   9.04068351E-04   5.32299886E-03
   9.20371385E-04   6.15329994E-03
   9.36674420E-04   7.20646093E-03
   9.52977454E-04   8.22214969E-03
   9.69280489E-04   9.36800521E-03
   9.85583523E-04   1.07505247E-02
   1.00188656E-03   1.17366305E-02
   1.01818959E-03   1.34978155E-02
   1.03449263E-03   1.58191081E-02
   1.05079566E-03   1.69649646E-02
   1.06709870E-03   1.90397296E-02
   1.08340173E-03   2.12032460E-02
   1.09970476E-03   2.33095679E-02
   1.11600780E-03   2.51969751E-02
   1.13231095E-03   2.80507654E-02
   1.14861398E-03   3.04055847E-02
   1.16491702E-03   3.24862674E-02
   1.18122005E-03   3.50087285E-02
   1.19752309E-03   3.76988240E-02
   1.21382612E-03   3.87657918E-02
   1.23012916E-03   4.02370617E-02
   1.24643219E-03   4.13040258E-02
   1.26273523E-03   4.24557962E-02
   1.27903826E-03   4.34537381E-02
   1.29534130E-03   4.30060439E-02
   1.31164433E-03   4.20929119E-02
   1.32794736E-03   4.09273356E-02
   1.34425040E-03   3.92312333E-02
   1.36055343E-03   3.68330218E-02
   1.37685647E-03   3.39141488E-02
   1.39315950E-03   3.11155822E-02
   1.40946254E-03   2.74610743E-02
   1.42576557E-03   2.43035629E-02
   1.44206861E-03   2.07989421E-02
   1.45837176E-03   1.69748254E-02
   1.47467479E-03   1.39356470E-02
   1.49097783E-03   1.07899690E-02
   1.50728086E-03   8.25173315E-03
   1.52358389E-03   6.15329994E-03
   1.53988693E-03   4.37042071E-03
   1.55618996E-03   3.03523359E-03
   1.57249300E-03   1.96629483E-03
   1.58879603E-03   1.06499426E-03
   1.60509907E-03   6.86329615E-04
   1.62140210E-03   3.45137028E-04
   1.63770514E-03   2.24832111E-04
   1.65400817E-03   1.08471635E-04
   1.67031121E-03   5.71941346E-05
   1.68661424E-03   3.74720184E-05
   1.70291739E-03   9.86105806E-06
   1.71922043E-03   5.91663456E-06
   3.66328866E-04   3.98794828E-06
   3.98296572E-04   5.98192264E-06
   4.14280454E-04   9.96987092E-06
   4.30264277E-04   1.99397414E-06
   4.46248159E-04   1.19638453E-05
   4.62231983E-04   3.98794828E-06
   4.78215865E-04   1.59517931E-05
   4.94199747E-04   2.39276906E-05
   5.10183629E-04   3.98794837E-05
   5.26167452E-04   4.38674324E-05
   5.42151276E-04   5.98192273E-05
   5.58135216E-04   9.96987073E-05
   5.74119040E-04   9.57107623E-05
   5.90102863E-04   1.33596273E-04
   6.06086687E-04   1.87433572E-04
   6.22070627E-04   1.95409477E-04
   6.38054451E-04   2.63204594E-04
   6.54038275E-04   3.36981640E-04
   6.70022215E-04   3.88824963E-04
   6.86006038E-04   4.32692410E-04
   7.01989862E-04   4.88523685E-04
   7.17973686E-04   6.58011471E-04
   7.33957626E-04   7.83631869E-04
   7.49941450E-04   9.63089522E-04
   7.65925273E-04   1.14653516E-03
   7.81909213E-04   1.37983018E-03
   7.97893037E-04   1.68490817E-03
   8.13876861E-04   1.88031769E-03
   8.29860684E-04   2.33893166E-03
   8.45844625E-04   2.67391931E-03
   8.61828448E-04   3.21029848E-03
   8.77812272E-04   3.72673781E-03
   8.93796212E-04   4.24118293E-03
   9.09780036E-04   4.86529712E-03
   9.25763859E-04   5.51732676E-03
   9.41747800E-04   6.35080785E-03
   9.57731623E-04   7.29395775E-03
   9.73715447E-04   8.33082385E-03
   9.89699271E-04   9.77047347E-03
   1.00568321E-03   1.07754366E-02
   1.02166703E-03   1.23865679E-02
   1.03765086E-03   1.39279095E-02
   1.05363480E-03   1.56427268E-02
   1.06961862E-03   1.71641298E-02
   1.08560245E-03   1.91301890E-02
   1.10158627E-03   2.12178789E-02
   1.11757021E-03   2.30563246E-02
   1.13355403E-03   2.53015384E-02
   1.14953786E-03   2.73732785E-02
   1.16552180E-03   3.00771073E-02
   1.18150562E-03   3.18517424E-02
   1.19748944E-03   3.41846943E-02
   1.21347338E-03   3.62205431E-02
   1.22945721E-03   3.80370505E-02
   1.24544103E-03   3.90499905E-02
   1.26142486E-03   4.11017910E-02
   1.27740880E-03   4.21665721E-02
   1.29339262E-03   4.28285711E-02
   1.30937644E-03   4.26511094E-02
   1.32536027E-03   4.16142419E-02
   1.34134421E-03   4.08984050E-02
   1.35732803E-03   3.97159792E-02
   1.37331185E-03   3.67808491E-02
   1.38929579E-03   3.45675386E-02
   1.40527962E-03   3.10900453E-02
   1.42126344E-03   2.79276036E-02
   1.43724727E-03   2.41609849E-02
   1.45323121E-03   2.09506862E-02
   1.46921503E-03   1.71461850E-02
   1.48519885E-03   1.41572170E-02
   1.50118279E-03   1.10366475E-02
   1.51716662E-03   8.33680574E-03
   1.53315044E-03   6.28899457E-03
   1.54913438E-03   4.15344816E-03
   1.56511820E-03   2.91319634E-03
   1.58110203E-03   1.84442615E-03
   1.59708585E-03   1.17245689E-03
   1.61306979E-03   7.33782537E-04
   1.62905362E-03   3.48945498E-04
   1.64503744E-03   1.89427548E-04
   1.66102138E-03   9.77047384E-05
   1.67700520E-03   4.78553811E-05
   1.69298903E-03   1.59517931E-05
   1.70897297E-03   1.99397414E-06
   1.72495679E-03   1.99397414E-06
   1.75692444E-03   1.99397414E-06
