0.10634 26406767.14851
0.12190 19293081.27691
0.13974 13536979.17696
0.16019 10182531.83014
0.18363 7320077.14310
0.21050 5177845.20888
0.24131 3494666.09691
0.27491 2482768.57947
0.31318 1701090.76654
0.35901 1240826.89303
0.41154 881967.42640
0.47177 648559.00572
0.54080 442715.42244
0.61994 319293.31670
0.71065 232149.76225
0.81464 157956.71932
0.93385 118431.38966
1.07050 84863.59229
1.21955 58503.61727
1.35528 42608.26944
1.53443 26048.85480
1.75896 18129.90647
2.03143 14113.20692
2.31141 11014.88813
2.64964 7995.68835
3.03736 5747.98650
3.59158 3424.36985
4.10584 2506.19453
4.74898 1857.64872
5.20589 1453.99052
6.07442 1000.00000
6.97824 815.49263
7.83555 617.06431
9.16992 451.80772
10.51176 316.49815
12.04994 216.04605
13.72773 150.36725
15.63913 101.65120
17.27218 77.28301
18.84038 48.23343
21.33082 30.25725
24.45216 23.05604
28.03026 18.11716
31.93309 12.94434
36.37933 10.67609
41.70273 9.68647
46.05734 6.65290
49.92815 4.28839
56.17816 3.20817
64.39873 2.57452
73.82221 2.09973
84.62462 1.71527
93.46115 1.49198
