0.20534 359321.41881
0.23539 358740.54056
0.26983 358740.54056
0.30932 358740.54056
0.35458 358740.54056
0.40647 358160.60137
0.48363 345636.47119
0.55440 330328.03097
0.64232 310343.96567
0.72852 281894.08293
0.83512 250896.91997
0.95732 215499.59179
1.09741 180658.27502
1.25799 145681.94232
1.44208 115778.99044
1.65310 89517.67288
1.89499 67882.22007
2.17229 50978.54139
2.49016 36352.48037
2.85454 26905.53224
3.27225 19785.11305
3.75108 13949.75712
4.22064 10072.99941
4.74898 7070.57344
5.44390 5165.84053
6.20189 3741.39065
6.89214 2728.32632
7.70691 1790.22160
8.83467 1344.42989
9.87908 905.08762
10.77603 619.68459
12.04994 364.92546
13.30820 275.38702
14.16049 172.14507
14.97412 107.86394
15.54235 80.65549
