0.20791 668805.44370
0.23833 667724.25424
0.27320 649609.16251
0.31318 583817.88820
0.31709 346196.13112
0.35901 482196.93628
0.35711 355562.45504
0.41669 383406.32773
0.47766 309126.95459
0.55238 240383.95583
0.62768 177184.64691
0.71953 135891.36924
0.82482 99766.83055
0.94551 75531.96471
1.08387 60028.13033
1.24247 45519.98082
1.42428 34462.49185
1.63270 26345.54386
1.84852 18185.39702
2.09287 12618.34776
2.39912 8896.73393
2.75018 6458.12386
3.15262 4494.83029
3.61394 2965.73850
4.14277 2376.12962
4.74898 1828.27370
5.44390 1344.42989
6.24051 947.90818
7.15368 668.33527
8.20048 452.53930
9.40046 313.94815
10.77603 219.92543
12.35289 155.81580
14.17222 114.93267
13.64278 196.37677
16.23260 78.97679
18.60792 57.79476
21.33082 39.36650
24.45216 29.43638
28.03026 22.10629
31.93309 15.19295
36.37933 10.77805
40.42825 7.81323
43.55477 5.17336
46.63271 3.39508
51.50210 2.41710
58.67307 1.93813
65.20322 1.10080
72.91136 0.80314
83.58050 0.65821
95.81085 0.56261
109.83087 0.48168
125.90245 0.41305
136.48372 0.38034
